x1 = -0.260163 
x2 = 0.447154 
x3 = 0.471545 
x4 = 0.666667 
x5 = 0.861789 
x6 = 0.886179 
x7 = 1.593496 
