x1 = 0.166789 
x2 = 0.332842 
x3 = 0.501841 
x4 = 0.659794 
x5 = 0.858984 
x6 = 0.904271 
x7 = 1.523932 
