x1 = 0.000000 
x2 = 0.019900 
x3 = 0.039600 
x4 = 0.059100 
x5 = 0.078400 
x6 = 0.097500 
x7 = 0.116400 
x8 = 0.135100 
x9 = 0.153600 
x10 = 0.171900 
x11 = 0.190000 
x12 = 0.207900 
x13 = 0.225600 
x14 = 0.243100 
x15 = 0.260400 
x16 = 0.277500 
x17 = 0.294400 
x18 = 0.311100 
x19 = 0.327600 
x20 = 0.343900 
x21 = 0.360000 
x22 = 0.375900 
x23 = 0.391600 
x24 = 0.407100 
x25 = 0.422400 
x26 = 0.437500 
x27 = 0.452400 
x28 = 0.467100 
x29 = 0.481600 
x30 = 0.495900 
x31 = 0.510000 
x32 = 0.523900 
x33 = 0.537600 
x34 = 0.551100 
x35 = 0.564400 
x36 = 0.577500 
x37 = 0.590400 
x38 = 0.603100 
x39 = 0.615600 
x40 = 0.627900 
x41 = 0.640000 
x42 = 0.651900 
x43 = 0.663600 
x44 = 0.675100 
x45 = 0.686400 
x46 = 0.697500 
x47 = 0.708400 
x48 = 0.719100 
x49 = 0.729600 
x50 = 0.739900 
x51 = 0.750000 
x52 = 0.759900 
x53 = 0.769600 
x54 = 0.779100 
x55 = 0.788400 
x56 = 0.797500 
x57 = 0.806400 
x58 = 0.815100 
x59 = 0.823600 
x60 = 0.831900 
x61 = 0.840000 
x62 = 0.847900 
x63 = 0.855600 
x64 = 0.863100 
x65 = 0.870400 
x66 = 0.877500 
x67 = 0.884400 
x68 = 0.891100 
x69 = 0.897600 
x70 = 0.903900 
x71 = 0.910000 
x72 = 0.915900 
x73 = 0.921600 
x74 = 0.927100 
x75 = 0.932400 
x76 = 0.937500 
x77 = 0.942400 
x78 = 0.947100 
x79 = 0.951600 
x80 = 0.955900 
x81 = 0.960000 
x82 = 0.963900 
x83 = 0.967600 
x84 = 0.971100 
x85 = 0.974400 
x86 = 0.977500 
x87 = 0.980400 
x88 = 0.983100 
x89 = 0.985600 
x90 = 0.987900 
x91 = 0.990000 
x92 = 0.991900 
x93 = 0.993600 
x94 = 0.995100 
x95 = 0.996400 
x96 = 0.997500 
x97 = 0.998400 
x98 = 0.999100 
x99 = 0.999600 
x100 = 0.999900 
x101 = 1.000000 
